0.37024999999999997
0.36875
0.34375
0.39025
0.38150000000000006
0.3855
0.486
0.543
0.43425
0.37475
0.37074999999999997
0.3625
0.37825000000000003
0.40349999999999997
0.371
0.376
0.34750000000000003
0.3855
0.36075
0.35275
0.36624999999999996
0.41400000000000003
0.361
0.415
0.366
0.35124999999999995
0.412
0.37475
0.4035
0.3615
0.34975
0.354
0.36
0.37075
0.34425
0.40750000000000003
0.393
0.384
0.484
0.373
0.36325
0.38449999999999995
0.3535
0.42025
0.343
0.399
0.345
0.345
0.34650000000000003
0.33625000000000005
0.35324999999999995
0.41600000000000004
0.3585
0.41425
0.35824999999999996
0.3685
0.3775
0.37575000000000003
0.35925
0.36250000000000004
0.34900000000000003
0.3675
0.34275
0.35075
0.34800000000000003
0.3695
0.39125
0.374
0.4485
0.39775
0.36249999999999993
0.352
0.34624999999999995
0.3705
0.342
0.347
0.34475
0.33725
0.3815
0.3545
0.41774999999999995
0.401
0.37675000000000003
0.45249999999999996
0.36124999999999996
0.3615
0.425
0.38125000000000003
0.377
0.42425
0.6345000000000001
0.34975
0.34175
0.34125
0.38525
0.38675
0.38075000000000003
0.3685
0.476
0.3485
0.365
0.39475000000000005
0.35575
0.39
0.34099999999999997
0.33975
0.3295
0.33575000000000005
0.34224999999999994
0.36349999999999993
0.4095
1.145
0.3475
0.39199999999999996
0.34125
0.34700000000000003
0.36650000000000005
0.3325
0.358
0.38875000000000004
0.338
0.3395
0.33175
0.35
0.36875
0.38425000000000004
0.4005
0.41425
0.5095000000000001
0.389
0.371
0.37625000000000003
0.36124999999999996
0.38349999999999995
0.38025000000000003
0.34750000000000003
0.37
0.3345
0.359
0.4275
0.41700000000000004
0.41275000000000006
0.40325
0.44
0.37575
0.40375
0.378
0.35550000000000004
0.3725
0.3505
0.34775
0.34500000000000003
0.33875
0.35975
0.424
0.389
0.4335
0.41625
0.5285
0.4075
0.413
0.37775000000000003
0.35375
0.37950000000000006
0.349
0.34725
0.34025
0.38825
0.37325
0.4085
0.40675
0.53425
0.41275
0.4385
0.4135
0.4255
0.38275000000000003
0.354
0.38325000000000004
0.41850000000000004
