4
5.75
7.1
4.083333333333333
8.9
4.333333333333333
5.527778333333333
4.928571428571429
10.75
7.2083337499999995
5.666666666666667
6.357142857142857
3.5
5.263636363636364
5.357142857142857
4.761904285714286
5.8
4.5
3.3333333333333335
5.111111666666667
5.266666666666667
5.785714285714286
5.023809999999999
5.133334
7.8
6.7
9.7
6.59821375
5
5.785714285714286
5.180555833333333
4.25
5.7
5.37037
6.7222225
9
7
14.375
5.1
5.5
8.777778333333332
5.75
6.666666666666667
4.791666666666667
4.6
9.799999999999999
9.111904
5.083333333333333
4.642857142857143
5.944443333333333
7.104166666666667
4.3
4
3.9285714285714284
8.90625
14.85
6
8.666666666666666
5.154761428571429
4.7625
6
5.380952857142857
7.733333333333333
4.46875
5.25
5
3.95
5.238094285714285
4.333333333333333
4.3854162500000005
8.5
5.566666666666666
4.75
4
5.666666666666667
4.333333333333333
4.75
4.25
4
3.8333333333333335
6
4.142857142857143
4.3333325
5.2
3.9166675
4
11
7.733333999999999
8.666666666666666
5
4.88889
5.666666666666667
4.314286
4.25
5.7
5.25
6.222221666666666
7.8
4.25
6.625
5.5
5.416666666666667
5.25
5.2
5.6041675
5.361112
6
4.2
5
9
6.233334
3.133333
4
3.8333333333333335
3.9081628571428575
4.333333333333333
5.75
5
4.9
5.2142859999999995
6.285714285714286
5.9375
12.9
6.7
5
6.833333333333333
4.5
8.851642857142858
4.5
4
4
4.5
4.733333333333333
4.555556666666667
7
5.023809999999999
5.333333333333333
3.8333325
9
6.4
5.666666666666667
10.32
4.5
6.666666666666667
5.166666666666667
3
3.75
4.75
4.2
3.8333333333333335
5
4.2
5.5
4
2.75
7.535714285714286
6.75
5
4.166665
5.222222222222222
6.791666666666667
4.416666666666667
7.845238571428571
5
5.3999999999999995
4.585714285714286
4.4
4.2
4
4.996528333333333
5
4.833333333333333
6.725
5.366666
8
7.142857142857143
4.333333333333333
7.5
7.083333999999999
7
