0.3775
0.37575000000000003
0.35924999999999996
0.3625
0.349
0.3675
0.34275
0.35075
0.348
0.3695
0.39125
0.374
0.4485
0.39775000000000005
0.36250000000000004
0.352
0.34624999999999995
0.37050000000000005
0.342
0.347
0.34475
0.33725
0.3815
0.35450000000000004
0.41774999999999995
0.401
0.3767499999999999
0.4525
0.36125
0.3615
0.425
0.38125
0.377
0.42425
0.6345000000000001
0.34975
0.34175000000000005
0.34124999999999994
0.38525
0.38675
0.38075000000000003
0.3685
0.47600000000000003
0.34850000000000003
0.365
0.39475000000000005
0.35575
0.39
0.341
0.33975
0.3295
0.33575
0.34225
0.36350000000000005
0.4095
1.145
0.34750000000000003
0.392
0.34125000000000005
0.347
