0.5017037037037037
0.36974999999999997
0.3650357142857143
0.384
0.3840714285714286
0.38931250000000006
0.3793928571428572
0.38225000000000003
0.37100000000000005
0.38834375
0.3720714285714286
0.38728125
0.3731071428571429
0.416875
0.37100000000000005
0.38253125
0.3633928571428572
0.39284374999999994
0.36214285714285716
0.37775000000000003
0.35425
0.38021875
0.3539285714285714
0.39712499999999995
0.40767857142857145
0.3845
0.34882142857142856
0.46015625
0.35353571428571434
0.40075000000000005
0.37174999999999997
0.4043571428571428
0.36171875
0.41490625000000003
0.3694285714285714
0.421
0.38503571428571426
0.41125
0.35560714285714284
0.3661875
0.35160714285714284
0.40228125000000003
0.4217499999999999
0.40565624999999994
0.4038214285714286
0.44418749999999996
0.42403571428571424
0.41228125
