8.744217959183674
5.9832882352941175
6.3409083636363635
5.864583214285714
6.324275434782609
6.477150645161291
6.341807966101695
6.003091754385965
5.589870000000001
5.395833269230769
6.065151818181818
7.405797173913044
5.679347608695653
6.177252954545454
6.440425531914894
6.086277636363636
6.380435
5.368872647058824
5.6105436734693885
5.255894390243903
4.989704054054053
6.166295555555555
5.983740000000001
4.877083333333334
6.2131712765957445
5.711111166666667
7.622807105263158
6.392203333333333
7.8203125
5.942553191489361
5.164444222222222
4.478571428571429
5.323232424242423
5.756613888888889
5.953703611111111
5.190741
4.2455356250000005
6.642857179487178
6.060895833333333
5.585555666666666
6.219047619047619
4.261904761904762
5.953125
4.906344772727272
6.120613947368421
7.142
5.8525638461538465
6.526785714285714
