0.38371875
0.3680357142857143
0.36809375
0.37157142857142855
0.37068749999999995
0.36446428571428563
0.38796875000000003
0.3675714285714285
0.3837812500000001
0.5017037037037037
0.36975
0.3650357142857143
0.38399999999999995
0.3840714285714286
0.3893125
0.37939285714285714
0.38225
0.37100000000000005
0.38834375
0.37207142857142855
0.38728125
0.3731071428571428
0.416875
0.37100000000000005
0.38253125
0.3633928571428572
0.39284375
0.36214285714285716
0.37775000000000003
0.35425
0.38021875
0.3539285714285714
0.39712499999999995
0.40767857142857145
0.3845
0.34882142857142856
0.46015624999999993
0.35353571428571434
0.40075000000000005
0.37174999999999997
0.4043571428571428
0.36171875
0.41490625000000003
0.3694285714285714
0.421
0.38503571428571426
0.41125
0.35560714285714284
