7.717452652702872
6.489160245526969
5.878329968084413
6.008818459090307
6.16572938545972
6.546757632141134
5.990556064557051
5.88831422980151
5.847767792433686
5.683437856328392
5.709831786542923
5.308146524291068
5.614567526555387
5.574936396576979
5.5806966839062975
5.424954792043399
5.751028008379238
5.117290567282322
5.642948055047332
5.64470607209096
5.448065173116089
5.1670685497760935
5.39531841962836
5.310756425500777
5.579673135852911
5.679881858457343
5.489499691167388
4.9710361884925796
5.380794701986755
8.04405605670103
5.471117846318417
5.2403369672943505
5.741469816272966
5.797998278088678
5.846325167037862
5.034908700322235
5.565192252095981
6.486042692939245
4.492551210428305
3.945940078158923
3.984195656012714
null
4.6013646974322135
6.104824300178678
8.570105003088326
5.971059972105997
6.271331058020478
6.024096385542169
