96.77891928634232
96.80829001281853
96.56065313926622
97.03354442704696
97.02675970106864
97.08561113968659
97.08633014808616
97.15449418397515
97.17456392171927
97.56822700969074
97.62080885038537
97.61406187406479
97.64918698892266
97.62575383741384
97.6749884920655
97.69819600966797
97.72471207115875
97.72113010138727
97.78722868081357
97.74817606236101
97.72305161046407
97.55344254149631
97.82154992640031
97.71690357266866
97.58992434373246
95.98356167330242
97.50084718763797
97.73959063008051
97.59343978534937
94.69495685151462
96.78555736184875
97.6252077326703
97.58957105070989
92.74914998010816
87.5905199228477
86.86915057029309
87.14633018816356
88.47793245886152
87.68587459355902
91.84051106250638
95.03539977405194
96.96097171928383
96.99868342649347
96.83346873864178
96.81605906900404
95.72100531790969
97.24427152273242
97.2175384185801
