0.65596875
0.6891153846153847
0.65290625
0.6453571428571429
0.64984375
0.6513571428571429
0.64596875
0.6382500000000001
0.6432187500000001
0.6403214285714286
0.6526562499999999
0.629107142857143
0.6990625
0.6590714285714286
0.62315625
0.6076428571428572
0.66821875
0.6153571428571428
0.62671875
0.614
0.603125
0.6042857142857143
0.607
0.5945357142857143
0.6235625
0.6005714285714286
0.6001875000000001
0.5842142857142857
0.60103125
0.5978214285714286
0.6035937499999999
0.5850357142857143
0.6393214285714286
0.62628125
0.6270625000000001
0.6144285714285714
0.62621875
0.6183928571428571
0.70384375
0.6146071428571428
0.57796875
0.5758928571428571
0.59096875
0.606642857142857
0.9105312499999999
0.59925
0.6071875
0.5916428571428571
