16.81690705128205
17.861175407892507
17.524377841588898
17.076224305595993
16.44851912313433
16.75881922866021
16.23606577569748
16.604675876726883
16.125023302056796
15.996854938071461
14.989626556016598
15.363577863577863
14.486128625472888
14.954040334750994
14.977477477477477
14.838037312922845
14.017978290366349
14.932808972911964
14.401094370736827
14.794098573281453
15.148312872160552
17.544759418127565
14.599866425709122
14.554231717337716
14.738837228784451
15.441452870970775
14.932938240798503
14.641309306569342
14.553060981419723
15.115374204899174
14.833333333333334
14.84209237799902
14.572773352643013
14.938509200150206
15.4294509487283
13.656746840603343
13.515892174612755
14.658505154639176
15.831085131894483
13.273149803360743
13.019053315105948
12.46737712048717
null
13.549634909596662
13.835352422907489
14.72907110091743
14.450636942675159
13.35139318885449
