5.395833269230769
6.0651518181818185
7.405797173913044
5.679347608695653
6.177252954545454
6.440425531914894
6.086277636363636
6.380435
5.368872647058824
5.6105436734693885
5.255894390243903
4.989704054054053
6.166295555555555
5.98374
4.877083333333334
6.2131712765957445
5.711111166666667
7.622807105263158
6.392203333333333
7.8203125
5.942553191489361
5.164444222222222
4.478571428571429
5.323232424242424
5.7566138888888885
5.953703611111111
5.190741
4.2455356250000005
6.642857179487178
6.060895833333333
5.585555666666666
6.219047619047619
4.261904761904762
5.953125
4.906344772727273
6.120613947368421
7.142
5.8525638461538465
6.526785714285714
5.333333684210526
5.4
7.092592222222223
5.388892222222221
4.7272727272727275
4.857142857142857
4.75
6.76
4
